  HYPOCENTROID, LAT, LON (DEG), DEPTH (KM)
   17.9076  146.9839   50.3531
  
 EVENT IDS (YR-MO-DA-HR:MN-Mag)
 LOCATIONS (LAT,LON, DEPTH) IN KM RELATIVE TO HYPOCENT
 ELLIPSD AXES, DIRECTION (LAT,LON,DEPTH) AND LENGTH (KM)
  
1976- 1-20- 4: 8-5.1
  -96.24   35.19  -20.25
      0.92497   0.37681   0.04951   4.09310
      0.37927  -0.92354  -0.05686   5.61550
     -0.02430  -0.07137   0.99715  10.88203
1976- 3-12-16:53-4.9
  -76.92   13.46   -2.24
      0.95075   0.22181   0.21652   3.99829
      0.28095  -0.91176  -0.29962   6.22744
     -0.13095  -0.34569   0.92917   8.93569
1976- 3-16- 8: 9-5.2
 -109.96   52.58  -10.00
      0.97721  -0.19010  -0.09448   4.63663
     -0.20885  -0.94067  -0.26742   6.16852
      0.03804  -0.28106   0.95894   7.29995
1976- 3-17- 4:25-5.0
 -107.84   53.18  -10.83
      0.86769   0.42073   0.26479   4.80599
      0.49542  -0.68788  -0.53046   6.88400
      0.04104  -0.59145   0.80530   7.54159
1976- 3-17-19:25-5.2
 -110.04   62.09  -13.92
      0.97900   0.13520   0.15255   4.47933
      0.17757  -0.93316  -0.31255   6.87794
     -0.10010  -0.33307   0.93757  11.95233
1976- 3-19- 0: 5-4.9
 -106.76   57.46   -8.55
      0.95541   0.20101   0.21632   4.62314
      0.29432  -0.58897  -0.75265   7.19441
      0.02389  -0.78276   0.62187   8.66353
1976- 3-20- 9:21-4.9
 -102.92   56.60  -10.28
     -0.89312  -0.34540  -0.28816   5.07500
     -0.44609   0.76248   0.46866   7.90778
     -0.05784  -0.54711   0.83506  11.34211
1976- 3-20-12:33-5.1
 -116.09   72.16  -10.16
      0.85477   0.43689   0.28016   4.48865
      0.51678  -0.76629  -0.38175   6.26358
     -0.04791  -0.47109   0.88078   7.66425
1976- 3-21- 7: 8-4.7
  -59.61   26.86   -7.04
     -0.91279  -0.26000  -0.31498   4.80774
     -0.34837   0.89818   0.26816   8.22627
     -0.21319  -0.35451   0.91043  12.84298
1976- 3-23-12:45-5.3
 -106.49   66.12  -10.62
      0.96824   0.24255   0.06067   3.96366
      0.24817  -0.90280  -0.35124   5.10581
      0.03041  -0.35514   0.93432   6.89293
1976- 3-25- 7:37-5.0
 -106.85   55.59  -10.21
     -0.91234  -0.34537  -0.21989   5.00205
     -0.40246   0.65782   0.63663   7.43527
      0.07523  -0.66932   0.73916   9.72691
1976- 4-12- 5:29-5.1
  -55.46   31.99  -13.92
      0.81915  -0.57206  -0.04170   6.93618
     -0.55222  -0.76690  -0.32700   6.19209
     -0.15508  -0.29089   0.94411  12.03803
1976- 4-19- 0:34-4.6
   86.89  -23.82   14.42
      0.94750   0.13242   0.29105   4.54907
      0.29806  -0.69532  -0.65398   9.17630
     -0.11577  -0.70640   0.69828  12.72151
1976- 6- 1-22:30-5.5
 -109.42   60.69  -19.81
      0.97799   0.20778   0.01891   3.68409
      0.20863  -0.97440  -0.08371   4.89683
     -0.00103  -0.08581   0.99631  13.06704
1976- 8-14-15:45-5.0
 -132.31   58.65  -12.54
     -0.68092  -0.61464  -0.39820   5.70696
      0.32717  -0.74175   0.58547   7.91267
      0.65522  -0.26838  -0.70616   7.69832
1977-11- 5- 1:24-5.0
 -107.49   49.82  -18.08
     -0.91199  -0.39472  -0.11165   4.80385
     -0.06212  -0.13615   0.98874  18.51892
      0.40548  -0.90866  -0.09965   6.38157
1978- 6- 8-18: 2-5.1
    6.01    8.52  -14.73
      0.97432   0.05202   0.21906   4.31002
      0.18630  -0.73263  -0.65464   8.43283
     -0.12644  -0.67864   0.72351  11.64021
1978- 8-30-15:51-5.3
  -16.20   93.10  -42.35
      0.99945  -0.01983   0.02659   3.67396
     -0.02575   0.04163   0.99880   9.38313
     -0.02091  -0.99894   0.04109   6.18610
1978- 8-30-17: 2-5.4
  -27.02   84.86   -7.83
      0.99511   0.04142   0.08972   3.64539
      0.07811  -0.88586  -0.45733   6.11802
     -0.06054  -0.46210   0.88476   8.54451
1978-10-19-18:14-5.3
  -94.31  -86.71   52.67
      0.95656   0.25263   0.14551   3.13814
      0.28335  -0.92309  -0.26002   4.94954
     -0.06863  -0.28996   0.95457   7.83656
1978-10-24-10:34-5.4
    2.49  -34.66   17.80
      0.98223   0.12209   0.14257   3.16985
      0.15158  -0.96391  -0.21888   4.72002
     -0.11070  -0.23660   0.96528   9.74846
1978-12-27-12:48-5.2
  -19.37    5.35    5.00
      0.98726   0.11499   0.10997   3.13174
      0.13909  -0.95935  -0.24558   4.68109
     -0.07726  -0.25774   0.96312  10.02399
1979- 6-20-11:38-4.7
   40.76  -28.42   15.74
      0.96697   0.08627   0.23984   4.29845
      0.21499  -0.78151  -0.58568   9.27787
     -0.13691  -0.61790   0.77425  15.93892
1979- 6-24- 2:12-5.0
   39.44  -40.27   14.87
      0.98866   0.01927   0.14892   3.52683
     -0.13185  -0.36322   0.92233  11.77394
     -0.07187   0.93150   0.35656   6.22321
1979-12-16-10:50-5.1
 -145.08  -96.72   28.00
      0.97175   0.17022   0.16349   3.83905
      0.21182  -0.93452  -0.28600   5.34430
     -0.10410  -0.31256   0.94418  11.59535
1980- 8- 1-23:49-4.9
 -142.60   39.06   16.56
     -0.82410  -0.47132  -0.31419   4.66614
     -0.55526   0.78186   0.28352   7.95272
     -0.11202  -0.40811   0.90604  12.70405
1981- 7- 5- 4:42-5.2
   48.68  -10.74   -4.62
      0.98363   0.15974   0.08344   3.22136
      0.17597  -0.95125  -0.25329   4.53829
     -0.03891  -0.26383   0.96378   8.26187
1981-12- 7-22:46-5.0
   29.94   20.55  -22.84
      0.99957  -0.01062   0.02733   3.71567
      0.02849   0.13050  -0.99104   8.55129
     -0.00696  -0.99139  -0.13075   4.98551
1982-12-31-23:58-4.6
  -94.87   30.86  -24.13
      0.96467   0.26341  -0.00440   5.69795
      0.17413  -0.62498   0.76097  10.09312
     -0.19769   0.73486   0.64877   8.90119
1983- 1- 1-10:46-4.7
  -98.41   33.76  -10.02
      0.98404   0.10101   0.14647   5.06650
      0.16816  -0.79700  -0.58010   9.08131
     -0.05814  -0.59548   0.80126  13.12552
1983- 3- 7-15:12-5.0
   52.60  -50.09    6.36
      0.98682   0.07805   0.14172   4.01093
      0.15834  -0.64594  -0.74679   7.88972
     -0.03326  -0.75939   0.64979  10.33219
1983- 8- 1- 3:14-5.3
 -105.51   29.40  -17.14
      0.96456   0.26312   0.01966   3.43921
      0.26363  -0.95800  -0.11290   4.44361
      0.01088  -0.11408   0.99341   6.80512
1983-12-13-11:45-4.8
  -51.67  -14.67   -8.66
      0.94808   0.24328   0.20482   4.69085
      0.28477  -0.93616  -0.20619   7.33690
     -0.14158  -0.25381   0.95684  10.98878
1984- 2- 3- 4:50-5.1
  -42.48   42.32  -12.81
      0.97532   0.17639   0.13283   3.44877
      0.19018  -0.97669  -0.09948   4.53097
     -0.11219  -0.12229   0.98613   8.13550
1984- 9-20-19:19-5.8
 -118.19   16.81   -5.36
      0.99892  -0.04115   0.02170   2.53896
      0.02839   0.16956  -0.98511   6.67731
     -0.03686  -0.98466  -0.17054   3.16653
1984-12- 6-23:44-5.2
   89.12  -49.75    3.12
      0.99499  -0.05071   0.08620   3.58468
      0.09990   0.46188  -0.88130   9.72292
     -0.00488  -0.88549  -0.46463   7.02638
1985- 2-22-14:14-4.9
   45.20  -50.95   17.69
      0.99770   0.03522   0.05796   3.66139
      0.04552   0.28575  -0.95722   9.74990
     -0.05028   0.95766   0.28348   6.00183
1985- 5- 3-18: 2-4.8
   18.85  -27.79   32.50
      0.94147   0.18499   0.28179   4.62863
      0.28657  -0.87944  -0.38009   9.34480
     -0.17751  -0.43860   0.88098  12.23542
1985-11- 1-22: 2-5.5
   46.00  -56.58   11.26
      0.99859   0.01797   0.04988   2.78936
     -0.04506  -0.20817   0.97705   6.73200
     -0.02794   0.97793   0.20707   3.63317
1986- 4-15- 1:34-5.1
 -169.69  -30.47  -20.02
     -0.96144  -0.26458  -0.07506   3.57703
      0.27300  -0.95117  -0.14406   4.96429
     -0.03328  -0.15899   0.98672  12.00729
1986- 9-16-18:20-6.4
  164.50  -66.37    2.20
      0.99949   0.01401   0.02881   2.52194
     -0.02632  -0.15360   0.98778   6.66668
     -0.01826   0.98803   0.15315   2.85059
1986- 9-16-18:56-5.0
  152.27  -67.19   15.34
      0.98254  -0.02591   0.18424   4.16587
      0.18552   0.21177  -0.95955  12.44184
      0.01416  -0.97698  -0.21288   6.72068
1986- 9-21-12:18-5.0
  -91.44   33.23  -17.04
     -0.95081  -0.28203  -0.12814   3.69477
      0.28695  -0.95771  -0.02129   4.58659
     -0.11672  -0.05702   0.99153  10.07881
1986-10-24-10:17-4.9
  156.95  -63.27   22.04
      0.97372   0.10385   0.20268   4.20362
     -0.17566  -0.22397   0.95864  12.47055
     -0.14495   0.96905   0.19984   6.19680
1986-11- 7-15:55-4.7
   52.70  -30.19   13.58
      0.97083   0.00377   0.23973   4.62481
      0.20888   0.47755  -0.85341  14.37046
      0.11770  -0.87859  -0.46284   9.33605
1986-12- 5- 2: 4-5.2
   48.30  -43.30   24.62
      0.96882   0.19365   0.15454   3.30498
      0.22036  -0.95862  -0.18026   4.29024
     -0.11324  -0.20870   0.97140   9.50554
1986-12-11-22:26-5.4
   63.16   -7.52   -0.32
      0.99312  -0.11649   0.01213   2.74491
     -0.11125  -0.97065  -0.21324   3.56514
     -0.03662  -0.21043   0.97692   7.08815
1987- 1-28-23:24-5.3
   79.22   90.54   -8.71
     -0.99590   0.01508  -0.08919   3.55846
      0.09045   0.15649  -0.98353   9.53199
      0.00087   0.98756   0.15722   4.12727
1987- 3-11- 4:49-4.8
   99.42   -3.54   -2.26
      0.94755   0.22492   0.22705   4.30904
      0.27624  -0.93367  -0.22792   6.67122
     -0.16073  -0.27869   0.94684   8.28404
1987- 3-15- 7:40-4.9
   94.53   -5.59   11.95
     -0.96846  -0.09224  -0.23148   4.04728
      0.20198   0.25348  -0.94602  11.74700
     -0.14593   0.96293   0.22685   5.85608
1987- 3-15- 8: 6-4.7
  103.82    7.29   -8.08
     -0.96393  -0.09651  -0.24804   4.67571
      0.21791   0.24889  -0.94370  12.43317
     -0.15281   0.96371   0.21888   6.42083
1987- 3-15-11:35-5.2
   95.63    2.41   -0.64
      0.99749   0.01684   0.06878   3.17010
      0.06308   0.23012  -0.97112   7.07555
      0.03218  -0.97302  -0.22848   3.97741
1987- 3-15-11:56-4.6
  104.45   -3.67   -4.95
      0.93831   0.04046   0.34341   5.32108
     -0.31320  -0.32139   0.89365  13.48154
     -0.14653   0.94608   0.28889  10.02221
1987- 4-14- 3: 4-4.9
  103.34   -2.89   -9.82
      0.98384  -0.02919   0.17668   4.52999
     -0.17757  -0.28637   0.94152  11.89257
     -0.02311   0.95767   0.28692   6.10183
1987- 4-14- 3:11-4.9
  100.43   -0.63   -7.09
      0.99339  -0.04663   0.10491   3.83226
      0.11217   0.19970  -0.97341   8.91612
     -0.02444  -0.97875  -0.20362   4.38391
1987- 4-14- 5:21-4.9
  101.01   -0.46   -6.83
     -0.96695  -0.03104  -0.25308   5.22818
     -0.24034  -0.22054   0.94531  12.33204
      0.08516  -0.97488  -0.20579   6.83667
1987- 4-14- 6:10-5.2
  100.67    2.67  -12.58
      0.98754  -0.15686  -0.01260   2.93988
     -0.15492  -0.95510  -0.25255   3.81538
     -0.02758  -0.25135   0.96750   6.59097
1987- 6-23- 7:29-4.5
  -56.67  -17.72    9.32
     -0.91471  -0.22638  -0.33474   4.96965
      0.33571  -0.88680  -0.31761   8.29878
     -0.22495  -0.40290   0.88717  15.29072
1987- 8- 3-15:42-4.9
 -173.03   -0.87    3.06
     -0.79054  -0.51558  -0.33050   4.57400
     -0.55828   0.82854   0.04287   8.31799
     -0.25173  -0.21840   0.94283  13.03050
1987- 8-10- 9:15-5.6
 -195.00   -7.32   -3.89
      0.99387   0.09669   0.05358   2.62161
      0.10469  -0.97888  -0.17557   2.98728
     -0.03548  -0.18011   0.98301   6.23336
1987-12-23-20:33-5.0
  -18.50  -36.91   23.69
      0.97191   0.07541   0.22292   4.21263
     -0.19259  -0.28950   0.93760  10.22305
     -0.13524   0.95420   0.26685   6.51105
1988- 5- 8- 3: 5-5.0
  100.04  -11.92   -3.47
      0.97726   0.10965   0.18151   4.37091
     -0.14620  -0.27160   0.95124   8.51468
     -0.15360   0.95614   0.24940   5.34801
1988- 7-24-22:22-4.8
   48.38  -44.04   11.67
      0.91221   0.26836   0.30962   4.83548
      0.35099  -0.90167  -0.25258   9.68098
     -0.21139  -0.33908   0.91670  12.33793
1988- 7-28-13:15-4.7
   41.02  -28.05    2.65
     -0.89332  -0.34624  -0.28654   4.42618
     -0.41499   0.88024   0.23012   6.14006
     -0.17254  -0.32448   0.93002  11.31316
1988-11- 6-16:34-5.0
   37.53  -39.70   20.94
      0.97872   0.00797   0.20505   4.56992
      0.18877   0.35690  -0.91487  15.01132
      0.08047  -0.93411  -0.34780   8.86246
1988-12- 4-13:38-5.6
   71.12  -62.37   15.87
      0.99491  -0.09290   0.03912   2.78468
      0.08206   0.97182   0.22097   3.59026
      0.05855   0.21664  -0.97450   7.10590
1989- 5-18-22: 0-5.4
   -1.36    9.72  -10.14
      0.99990  -0.00853   0.01137   3.13353
      0.01319   0.25747  -0.96620   7.03951
     -0.00532  -0.96625  -0.25756   3.96090
1989- 5-19- 1:59-4.8
   -5.72    9.60    6.71
      0.95597   0.13121   0.26252   4.94893
      0.24175  -0.85921  -0.45090  10.03804
     -0.16640  -0.49451   0.85310  13.54405
1989- 6- 6- 7:24-5.3
   67.25  -66.35   12.64
      0.99200   0.11739   0.04637   2.89665
      0.12518  -0.96207  -0.24238   3.85247
     -0.01616  -0.24624   0.96907   7.69956
1989-12- 7-23:15-5.0
   11.70  -41.37   15.52
      0.98555   0.05680   0.15961   3.88259
     -0.13410  -0.31422   0.93983  11.36034
     -0.10353   0.94765   0.30206   5.55983
1990- 5-28-14:50-4.5
   28.30   32.19  -12.89
      0.95660   0.17214   0.23511   5.71501
      0.25777  -0.87616  -0.40731   7.78524
     -0.13588  -0.45024   0.88251  13.20468
1990- 6- 1-11: 0-5.1
 -201.64   42.83  -18.39
      0.98811  -0.12121  -0.09462   4.76260
     -0.13565  -0.97688  -0.16527   4.16079
      0.07240  -0.17614   0.98170   6.81172
1990- 6-14- 6:28-5.1
   35.60   27.93  -16.72
     -0.93032  -0.36066  -0.06652   4.03289
     -0.36624   0.92313   0.11702   4.39733
     -0.01921  -0.13323   0.99090   9.03442
1991- 5-18- 3:43-4.8
   22.84  -25.49   13.75
      0.96534   0.18625   0.18281   4.75608
      0.24252  -0.89897  -0.36473   8.16587
     -0.09641  -0.39643   0.91299  13.93818
1992- 2-23- 6:20-5.2
 -119.40  -78.59   44.26
      0.86297   0.48093   0.15490   3.46641
      0.50272  -0.84800  -0.16785   5.02600
     -0.05063  -0.22272   0.97357   7.33802
1992- 5-15-21:49-4.8
   44.64   16.84  -21.98
     -0.96549   0.25707   0.04172   5.66278
      0.26041   0.95512   0.14118   5.30467
      0.00355  -0.14718   0.98910   9.84964
1992- 6-22-15:17-5.8
 -110.74    7.42    2.56
      0.90588   0.41018   0.10548   2.65449
      0.42319  -0.88657  -0.18684   3.09568
     -0.01688  -0.21390   0.97671   6.38117
1992-10-17-21:22-4.8
 -106.44  -48.20    8.26
     -0.86579  -0.42143  -0.26982   3.81583
      0.46220  -0.88013  -0.10841   5.41693
     -0.19179  -0.21857   0.95679  10.29064
1994- 2-23-23:39-5.3
   70.43   -8.18  -12.22
      0.99747   0.06377   0.03129   2.84753
      0.06975  -0.96252  -0.26210   3.48022
     -0.01340  -0.26362   0.96453   7.10676
1994- 2-25-14: 3-4.8
   64.81   -8.39    2.27
      0.98271  -0.02611   0.18332   4.49762
      0.15860   0.62967  -0.76050  13.47648
      0.09557  -0.77643  -0.62292   7.34417
1994- 3- 6- 4:48-4.6
  -96.53   36.94  -12.89
     -0.88710  -0.35525  -0.29471   4.98550
      0.44069  -0.84177  -0.31180   7.58753
     -0.13731  -0.40647   0.90329  15.59660
1994-10-15-23:44-4.7
 -108.82  -45.84   10.60
      0.94354   0.24857   0.21897   4.27546
      0.31651  -0.87155  -0.37446   7.48819
     -0.09777  -0.42262   0.90102  12.27491
1995- 4- 1-17:54-5.3
   47.72  -12.53    9.79
     -0.95375  -0.28690  -0.08978   3.34114
     -0.30062   0.91017   0.28500   3.93527
      0.00005  -0.29881   0.95431   6.40676
1995- 7-15-14:43-4.3
   59.35   31.30  -22.82
     -0.97208  -0.17379   0.15763   6.71907
      0.18198  -0.98253   0.03898  13.78602
     -0.14810  -0.06658  -0.98673   8.28457
1995- 7-30- 6:45-4.6
   -1.54    7.06   -8.67
     -0.96849  -0.06650  -0.24002   5.45458
     -0.18759  -0.43920   0.87859  15.19583
      0.16384  -0.89593  -0.41288   7.56973
1995- 8-21- 2:25-4.4
  152.83  -79.55   41.96
      0.88082   0.18082   0.43757   4.43459
      0.38341  -0.81462  -0.43518  10.98564
     -0.27776  -0.55109   0.78686  14.18661
1996- 1-10- 5:40-4.6
   72.99  -46.98   10.80
     -0.93065  -0.28659  -0.22750   4.16270
     -0.12148  -0.34448   0.93090  11.74360
      0.34516  -0.89398  -0.28578   6.80672
1996- 1-10-17:19-4.8
   70.10  -44.86   14.13
      0.98579   0.13950   0.09360   3.52721
      0.16150  -0.94040  -0.29928   5.12532
     -0.04627  -0.31014   0.94956  10.35097
1996- 1-25- 9:54-4.5
   53.85   21.47    6.07
      0.97711   0.09274   0.19146   4.37063
      0.19319  -0.76368  -0.61601   8.02684
     -0.08908  -0.63890   0.76411  14.28330
1996- 6- 4-20:15-4.7
   59.27   -0.81   -2.30
      0.99487  -0.01787   0.09958   3.96650
      0.08270   0.71068  -0.69864  13.46978
      0.05828  -0.70329  -0.70851   7.62071
1996- 6- 4-23:22-5.2
   61.62    1.39   -4.82
     -0.95975  -0.25715  -0.11292   2.88817
     -0.27806   0.92659   0.25320   3.53996
     -0.03952  -0.27441   0.96080   7.15576
1996- 6- 5- 0:36-4.3
   64.66  -47.50   11.81
      0.98779  -0.04526   0.14910   4.49685
      0.12559   0.79769  -0.58984  16.03816
      0.09224  -0.60136  -0.79363   9.15990
1996- 6- 5- 3:58-4.4
   65.36    7.59    9.70
      0.98875   0.05191   0.14030   4.32165
      0.13819  -0.67616  -0.72367   8.30236
     -0.05730  -0.73492   0.67573  16.61505
1996- 6-15- 2:50-4.7
  -65.35   55.00  -21.95
      0.96136   0.27046   0.05131   4.80717
      0.27221  -0.90620  -0.32359   6.64812
      0.04102  -0.32505   0.94481   9.35651
1996- 7- 4-13:31-4.6
  -40.16   48.14  -11.82
     -0.94242  -0.26447  -0.20469   4.19489
     -0.11059  -0.33116   0.93707  11.35186
      0.31561  -0.90575  -0.28285   6.71115
1997- 1-13-13:18-5.0
 -109.23   11.41  -10.86
      0.99506   0.08644   0.04881   3.03109
      0.09622  -0.96070  -0.26038   4.52664
     -0.02438  -0.26379   0.96427   7.96136
1997- 2- 4-17: 5-4.8
  -92.49   37.25  -24.27
      0.99161   0.12639   0.02724   3.45450
      0.12862  -0.98577  -0.10820   5.33580
     -0.01317  -0.11080   0.99376  12.98069
1997- 2- 5- 2:28-4.6
  -95.75   39.23   -3.58
      0.99672  -0.05261  -0.06147   4.11527
      0.06488   0.97363   0.21871   6.67129
     -0.04834   0.22198  -0.97385  17.01138
1997- 2- 5-13:25-4.6
  -95.45   39.62   -9.26
      0.99147  -0.04091  -0.12375   4.53289
     -0.11805  -0.68433  -0.71955   7.95230
      0.05525  -0.72802   0.68332   8.93751
1997- 2- 5-14:29-4.9
 -104.06   35.69  -20.81
      0.99119   0.09468  -0.09266   4.09443
     -0.12762   0.49459  -0.85971   7.46215
      0.03557  -0.86396  -0.50231   6.02431
1997- 2- 7- 0:19-4.5
 -106.64   38.74  -34.56
      0.99227   0.12020   0.03084   4.75129
      0.12408  -0.96407  -0.23490   9.10955
     -0.00150  -0.23691   0.97153  14.20388
1997- 2-15- 1:17-4.4
  139.68  -79.86   30.29
      0.95325   0.04445   0.29891   4.55948
     -0.25235  -0.42710   0.86828  14.95823
     -0.16625   0.90311   0.39591   7.89837
1997- 6-21- 4:18-4.8
  -93.50   35.71  -11.95
      0.97389   0.20769   0.09169   3.17856
      0.22469  -0.93953  -0.25845   3.95242
     -0.03247  -0.27230   0.96166   7.65582
1997- 7- 1-11:42-4.4
  103.32    4.80  -21.96
      0.99994   0.01062   0.00354   4.24390
      0.01117  -0.92752  -0.37361   7.02212
      0.00068  -0.37362   0.92758  11.30079
1997- 7-19-18: 9-4.1
  108.89   10.84  -26.12
      0.85130  -0.28062  -0.44333   8.13148
     -0.26330  -0.95934   0.10165  10.62510
      0.45383  -0.03020   0.89057   7.56971
1997- 7-26-18:43-4.9
   79.57  -96.67   40.70
      0.99595   0.08961   0.00684   2.79417
     -0.08516   0.91670   0.39038   4.50357
      0.02871  -0.38939   0.92063   6.34492
1997-11-12-21: 4-4.5
  183.59  -28.15   -0.60
      0.99187  -0.01496   0.12638   4.60694
      0.12637   0.23328  -0.96416  10.70537
      0.01506  -0.97230  -0.23327   6.09250
1998- 3-20-15:38-4.5
  158.79  -47.64   11.37
     -0.92752  -0.30393  -0.21754   5.00457
     -0.35095   0.90842   0.22716   6.24401
     -0.12858  -0.28704   0.94925  11.31902
1998- 8-22-12:32-5.0
   86.56  -48.02    4.32
      0.94263   0.32323   0.08346   3.12086
      0.33336  -0.92468  -0.18396   3.86669
     -0.01771  -0.20123   0.97938   8.60458
1998- 9-11- 5:44-4.7
   40.64  -39.43   14.21
      0.97597   0.19585   0.09548   4.06941
      0.21342  -0.94755  -0.23791   6.07861
     -0.04388  -0.25257   0.96658  14.73516
1998-10- 1-20:28-5.2
   10.07  -46.79    7.14
      0.80466   0.57302   0.15545   2.90348
      0.59041  -0.79991  -0.10755   3.68029
     -0.06272  -0.17832   0.98197   9.06225
1998-10-26- 3:44-4.9
  -64.33  -77.35   10.93
     -0.94755  -0.30552  -0.09382   3.72354
      0.31844  -0.92750  -0.19580   5.02722
     -0.02720  -0.21541   0.97615   9.38930
1999- 2-24- 5:18-5.3
   22.18  -34.55   12.18
     -0.96802  -0.24816  -0.03677   2.87726
      0.25069  -0.95135  -0.17912   3.27700
      0.00947  -0.18261   0.98314   7.42808
2000- 3-29-20:24-4.5
 -111.23  -54.57   19.99
     -0.91299  -0.26711  -0.30839   6.81168
     -0.38968   0.79480   0.46523   9.08594
     -0.12084  -0.54492   0.82973  10.32898
2000- 5- 4-21:28-4.6
  -37.88   77.93    2.40
      0.72953   0.68337   0.02790   7.16572
     -0.64381   0.67239   0.36523   7.64168
     -0.23083   0.28441  -0.93050   9.95936
2000- 5- 4-23:24-5.4
  -44.11   75.70    4.37
     -0.96621   0.25175   0.05526   4.26255
      0.25754   0.95151   0.16821   3.50132
      0.01023  -0.17676   0.98420   7.03756
2000- 5- 5- 0:31-5.0
  -43.65   63.27   -8.50
     -0.65787  -0.73447  -0.16660   4.30534
     -0.75274   0.63410   0.17693   4.89356
      0.02431  -0.24180   0.97002   7.48793
2000- 5- 5- 7:53-4.8
  -41.65   71.27  -25.35
     -0.98635   0.16272   0.02515   6.00591
      0.16461   0.97812   0.12725   4.61401
      0.00390  -0.12965   0.99155  13.49109
2000- 5- 7- 5:48-4.5
  -40.10   71.04   -6.38
      0.86070  -0.50911   0.00198   7.44403
     -0.48997  -0.82940  -0.26837   5.81781
     -0.13828  -0.23002   0.96331  12.61303
2000- 5-25- 3:59-4.7
 -109.94  -60.90   13.65
     -0.80974  -0.55101  -0.20178   4.80263
     -0.58374   0.79141   0.18144   5.62134
     -0.05971  -0.26470   0.96248   9.24559
2000- 8-10-11:10-4.3
    5.91   47.34   -7.94
      0.99714   0.02959   0.06955   5.60316
      0.05649   0.31954  -0.94589  14.16728
      0.05021  -0.94711  -0.31696   6.47651
2000-10-28- 4:12-5.1
   40.17  -36.92    7.34
      0.70248   0.68904   0.17818   3.67537
      0.71064  -0.69277  -0.12272   4.10750
     -0.03888  -0.21283   0.97632   7.52210
2000-12- 9-18:36-5.0
   41.40  -36.18    6.52
      0.76139  -0.63949  -0.10643   4.46917
     -0.64481  -0.73006  -0.22634   4.03845
     -0.06704  -0.24096   0.96822  11.08281
2000-12-27-15:35-4.2
  -89.88   38.76  -15.27
      0.97857   0.01514  -0.20538   6.74527
      0.20591  -0.05531   0.97701   7.56408
     -0.00343   0.99835   0.05724  12.82621
2001- 5-13- 1:18-4.6
  113.02   22.66  -15.45
     -0.97952  -0.20127   0.00575   7.86403
     -0.19052   0.93567   0.29703   5.25154
      0.06516  -0.28985   0.95485   8.88949
2001- 6-14-22: 1-4.5
  106.69    6.92   -2.91
      0.99435  -0.05321   0.09189   6.31693
      0.10596   0.55341  -0.82614  12.68688
      0.00689  -0.83121  -0.55592   8.45356
2001- 6-15- 5: 0-4.5
   99.87    8.43  -13.18
      0.83088   0.53961   0.13590   7.27036
      0.55236  -0.77019  -0.31891   6.31532
      0.06742  -0.34004   0.93799  13.23365
2001- 6-15- 6:17-5.3
   96.77    5.16  -16.65
      0.85656  -0.49116  -0.15834   3.42729
     -0.51100  -0.85008  -0.12743   3.11542
      0.07201  -0.19007   0.97913   5.96370
2001- 6-15- 6:22-4.9
   99.72   18.69  -12.83
      0.98326  -0.18187   0.01130   6.11759
     -0.16686  -0.92353  -0.34532   5.59997
     -0.07325  -0.33765   0.93842  12.15761
2001- 6-15- 6:30-4.9
   92.84   17.57  -12.22
     -0.75833   0.60824   0.23449   5.13206
      0.64823   0.74157   0.17281   5.40813
      0.06878  -0.28305   0.95664  10.81573
2001- 6-15- 7:28-4.3
  108.03    3.91   -8.94
      0.99090  -0.03033   0.13116   6.56763
      0.13099   0.44189  -0.88745  14.32176
      0.03104  -0.89656  -0.44184   8.34278
2001- 8-10-15:35-4.5
  150.46   -2.74  -13.44
      0.94386  -0.31309  -0.10533   5.55871
     -0.32934  -0.91661  -0.22663   7.41290
      0.02559  -0.24860   0.96827  14.19781
2002- 5-10-17:30-4.5
   81.50  -22.23    2.75
     -0.96569   0.24495   0.08624   6.20873
      0.25891   0.93389   0.24662   6.99371
      0.02013  -0.26049   0.96527  16.40754
2002- 8- 2- 6:32-5.0
 -115.35  -60.64   18.94
     -0.94396  -0.32495  -0.05783   3.96395
      0.32028  -0.85950  -0.39835   4.70384
      0.07974  -0.39455   0.91541   6.49905
2002-10-31-16: 9-5.3
   65.76  -71.69   13.88
      0.99264   0.12071  -0.00971   2.66453
      0.11604  -0.97101  -0.20900   3.10152
      0.03466  -0.20633   0.97787   8.16384
2003- 5- 1- 0:14-5.2
  -20.81   90.84   -0.70
     -0.93985   0.29836   0.16634   3.52173
      0.32617   0.92849   0.17752   3.23481
      0.10148  -0.22110   0.96996   6.32427
2003- 7-15-14:51-4.2
   13.27  -52.37   25.95
      0.99824   0.01383   0.05771   4.95991
     -0.05236  -0.25250   0.96618  11.91600
     -0.02793   0.96750   0.25133   6.63113
2004- 1-23- 3:39-5.0
  100.76   -2.04    0.16
     -0.91019   0.41108  -0.05065   3.81627
      0.38691   0.88750   0.25030   3.36274
     -0.14785  -0.20822   0.96684   7.94221
2004- 2-20- 9:51-4.7
   56.90   18.54  -20.09
      0.78687  -0.60820  -0.10455   4.60434
     -0.61559  -0.78549  -0.06364   5.25006
      0.04342  -0.11443   0.99248   6.52950
2004- 7-17- 7: 9-4.3
  171.36   11.16   -7.95
      0.99246  -0.11713  -0.03604   5.96513
     -0.12189  -0.91312  -0.38903   6.74985
     -0.01266  -0.39049   0.92052  13.54019
2004- 8- 8- 0:28-4.2
 -116.91  -45.32    1.83
      0.97544   0.11761   0.18624   4.53955
      0.21765  -0.64466  -0.73284   8.16488
     -0.03387  -0.75537   0.65442  17.05358
2004- 9- 1-11: 7-5.0
   -0.83   17.72   -2.10
      0.78126  -0.60538  -0.15212   3.62403
     -0.62292  -0.74050  -0.25226   3.47911
     -0.04007  -0.29184   0.95563   7.37131
2004- 9- 1-12: 2-5.3
   -0.57    5.30    1.93
     -0.86726   0.48590   0.10844   3.29191
      0.49718   0.83394   0.23951   3.02577
     -0.02595  -0.26163   0.96482   6.82675
2005- 1-21- 7:37-4.6
  -95.63   16.44    4.29
     -0.90446  -0.40372  -0.13772   4.26620
     -0.42512   0.87962   0.21338   5.14578
     -0.03499  -0.25154   0.96721  10.41677
2005- 4-28-20:49-4.3
   25.76  -16.19    8.64
      0.99871   0.02366   0.04500   4.61866
     -0.04384   0.84898   0.52660   8.38446
     -0.02575  -0.52789   0.84892  15.65129
2005- 5-16-22:27-4.3
 -186.27  -37.00    4.91
      0.72208   0.48179   0.49647   5.84053
      0.69170  -0.51569  -0.50559   7.27255
     -0.01244  -0.70848   0.70562  12.90166
2005- 5-18- 3: 4-4.5
  -99.19   32.89   -0.34
      0.97195   0.18020   0.15115   4.40724
      0.22763  -0.88242  -0.41173   6.17551
     -0.05918  -0.43459   0.89868  10.72204
2005- 8-21- 6:52-4.8
   -0.46    3.34  -11.47
      0.76988  -0.61018  -0.18701   3.90093
     -0.63777  -0.74620  -0.19085   4.24915
      0.02309  -0.26620   0.96364   7.81434
2005-10- 2- 6:50-4.5
  -37.92   21.05  -10.23
      0.98327   0.07274   0.16700   4.31361
      0.17345  -0.65398  -0.73636   8.63307
     -0.05565  -0.75300   0.65566  11.05469
2005-11-11- 1:48-5.0
  -98.14   35.98   -4.41
     -0.92731  -0.37372  -0.02056   3.40543
     -0.36909   0.90393   0.21606   3.26108
      0.06216  -0.20795   0.97616   7.89392
2005-11-26- 7: 7-4.6
 -110.26   11.64    2.24
      0.99015   0.07569   0.11782   4.43957
     -0.08162  -0.37172   0.92475  10.96976
     -0.11379   0.92525   0.36188   5.51187
2005-12- 8-10:28-4.6
 -120.64  -43.66    9.31
      0.97989   0.17882   0.08849   4.23223
      0.19890  -0.84079  -0.50350   5.52460
      0.01563  -0.51098   0.85945   7.07631
2006- 1- 6-14: 1-4.7
   62.22  -12.55    1.97
      0.99540  -0.09546  -0.00809   3.83082
     -0.09529  -0.97796  -0.18576   4.86607
     -0.00982  -0.18568   0.98256   9.41806
2006- 7-12-10:58-4.1
   22.78   41.74  -18.37
      0.96297   0.25708   0.08123   7.86947
     -0.06115  -0.08517   0.99449   0.59738
     -0.26258   0.96263   0.06629  13.07927
2006- 9-12-11:38-5.0
    9.02   12.77  -17.34
      0.98476  -0.17174   0.02736   3.52849
      0.04283   0.08705  -0.99528  11.06816
     -0.16855  -0.98129  -0.09308   3.62219
2006-12-19- 5: 5-4.8
   39.62    6.93    1.82
      0.85456   0.50226   0.13215   4.35759
      0.51732  -0.84570  -0.13103   4.05088
     -0.04595  -0.18034   0.98253  11.12851
2007- 5- 1-17:37-4.6
   98.64  -54.21    5.08
      0.99409   0.00180   0.10851   3.83607
      0.10567   0.21201  -0.97154  12.09850
      0.02475  -0.97727  -0.21056   6.61995
2007- 6- 8- 2:48-5.1
   35.46   25.19   -3.94
     -0.94683   0.32167   0.00550   3.25803
      0.31766   0.93206   0.17424   3.01053
     -0.05092  -0.16673   0.98469   8.70652
2007- 7- 5- 3:10-4.7
   -9.58   70.17   -0.34
      0.79855   0.59616   0.08315   4.70757
      0.60153  -0.79539  -0.07425   5.36376
     -0.02187  -0.10931   0.99377  10.75770
2007- 9- 7- 5:12-4.7
   50.46   11.35    5.23
     -0.73926  -0.63665  -0.21948   4.18780
     -0.11126  -0.20596   0.97221  10.47292
      0.66417  -0.74314  -0.08142   4.25264
2007-10- 6-12:38-6.0
   92.49   23.65   13.34
      0.99935  -0.03156  -0.01719   2.43741
     -0.01167   0.16728  -0.98584   6.70950
     -0.03399  -0.98540  -0.16681   2.49721
2007-11-13-18:48-5.3
   17.36  -47.30   26.31
     -0.95429  -0.20838  -0.21427   5.44471
      0.17568   0.18890  -0.96615  15.45523
     -0.24180   0.95963   0.14366   6.87864

