function [table]=ak135_ellip_tables()
%AK135_ELLIP_TABLES    Returns tables for ellipticity corrections
%
%    Usage:    tables=ak135_ellip_tables
%
%    Description:
%     TABLES=AK135_ELLIP_TABLES returns tables of tau values for
%     calculation of ellipticity corrections for several seismic phases in
%     the AK135 model.  The layout is as follows:
%      TABLES.(phase).depth
%                    .distance
%                    .t0
%                    .t1
%                    .t2
%
%    Notes:
%     - These phases are currently tabulated:
%        p,P,Pdiff,PcP,PP,PS,PcS,SP,ScP,s,S,Sdiff,ScS,SS
%     - All tables come from the AK135 Seismological Tables compiled by
%       B.L.N. Kennett except for Pdiff & Sdiff which are expanded tables
%       based on the figures in Kennett and Gudmundsson, 1996 (Geophys. J.
%       Int. 127, pp. 40-48).
%
%    Examples:
%     % See if your phase is tabulated:
%     ak135_ellip_tables
%
%    See also: ELLCOR, AK135

%     Version History:
%        May  16, 2010 - initial version
%        Oct.  6, 2010 - edited 85/90deg values for Pdiff & Sdiff
%        Apr.  2, 2012 - minor doc update
%
%     Written by Garrett Euler (ggeuler at wustl dot edu)
%     Last Updated Apr.  2, 2012 at 10:35 GMT

% todo
% - SKSac, ...

% start with my expanded core diffracted arrays
% - see Notes section above
table.Pdiff.depth=[0	35	50	100	150	200	250	300	350	400	450	500	550	600	650	700	750	800];
table.Pdiff.distance=85:5:180;
table.Pdiff.t0=[
    -0.4500 -0.4325 -0.4250 -0.4000 -0.3750 -0.3500 -0.3300 -0.3100 -0.2925 -0.2750 -0.2575 -0.2400 -0.2225 -0.2050 -0.1875 -0.1700 -0.1525 -0.1350
    -0.4700 -0.4525 -0.4450 -0.4200 -0.4000 -0.3800 -0.3550 -0.3300 -0.3125 -0.2950 -0.2775 -0.2600 -0.2425 -0.2250 -0.2075 -0.1900 -0.1725 -0.1550
    -0.5096	-0.4914	-0.4840	-0.4604	-0.4382	-0.4169	-0.3959	-0.3754	-0.3555	-0.3362	-0.3175	-0.2993	-0.2817	-0.2646	-0.2480	-0.2318	-0.2161	-0.2007
    -0.5675	-0.5491	-0.5415	-0.5176	-0.4951	-0.4735	-0.4522	-0.4314	-0.4112	-0.3916	-0.3726	-0.3541	-0.3361	-0.3186	-0.3016	-0.2849	-0.2686	-0.2526
    -0.6373	-0.6189	-0.6113	-0.5874	-0.5649	-0.5433	-0.5220	-0.5012	-0.4810	-0.4614	-0.4424	-0.4239	-0.4059	-0.3884	-0.3713	-0.3546	-0.3382	-0.3222
    -0.7257	-0.7072	-0.6997	-0.6758	-0.6534	-0.6318	-0.6105	-0.5897	-0.5695	-0.5499	-0.5309	-0.5124	-0.4944	-0.4769	-0.4598	-0.4431	-0.4267	-0.4106
    -0.8302	-0.8117	-0.8042	-0.7803	-0.7579	-0.7363	-0.7150	-0.6941	-0.6738	-0.6542	-0.6352	-0.6168	-0.5989	-0.5814	-0.5643	-0.5476	-0.5312	-0.5151
    -0.9475	-0.9290	-0.9214	-0.8975	-0.8751	-0.8535	-0.8322	-0.8114	-0.7912	-0.7716	-0.7526	-0.7341	-0.7161	-0.6986	-0.6815	-0.6648	-0.6484	-0.6323
    -1.0740	-1.0556	-1.0480	-1.0241	-1.0016	-0.9800	-0.9587	-0.9379	-0.9177	-0.8981	-0.8791	-0.8606	-0.8426	-0.8251	-0.8080	-0.7913	-0.7749	-0.7589
    -1.2059	-1.1874	-1.1799	-1.1560	-1.1336	-1.1120	-1.0907	-1.0698	-1.0495	-1.0299	-1.0109	-0.9925	-0.9746	-0.9571	-0.9400	-0.9233	-0.9069	-0.8908
    -1.3392	-1.3207	-1.3132	-1.2893	-1.2669	-1.2453	-1.2240	-1.2032	-1.1830	-1.1633	-1.1443	-1.1258	-1.1078	-1.0903	-1.0733	-1.0566	-1.0403	-1.0244
    -1.4699	-1.4514	-1.4439	-1.4200	-1.3976	-1.3760	-1.3547	-1.3338	-1.3135	-1.2939	-1.2749	-1.2565	-1.2386	-1.2211	-1.2040	-1.1873	-1.1709	-1.1548
    -1.5939	-1.5754	-1.5679	-1.5440	-1.5216	-1.5000	-1.4787	-1.4579	-1.4377	-1.4181	-1.3991	-1.3806	-1.3626	-1.3451	-1.3280	-1.3113	-1.2949	-1.2788
    -1.7076	-1.6891	-1.6816	-1.6577	-1.6353	-1.6137	-1.5924	-1.5715	-1.5512	-1.5316	-1.5126	-1.4942	-1.4763	-1.4588	-1.4417	-1.4250	-1.4086	-1.3925
    -1.798	-1.780	-1.772	-1.748	-1.726	-1.704	-1.683	-1.662	-1.643	-1.623	-1.604	-1.584	-1.567	-1.550	-1.532	-1.515	-1.498	-1.481
    -1.883	-1.865	-1.857	-1.833	-1.811	-1.789	-1.768	-1.747	-1.728	-1.708	-1.689	-1.669	-1.652	-1.635	-1.617	-1.600	-1.583	-1.566
    -1.951	-1.933	-1.925	-1.901	-1.879	-1.857	-1.836	-1.815	-1.796	-1.776	-1.757	-1.737	-1.720	-1.703	-1.685	-1.668	-1.651	-1.634
    -1.989	-1.971	-1.963	-1.939	-1.917	-1.895	-1.874	-1.853	-1.834	-1.814	-1.795	-1.775	-1.758	-1.741	-1.723	-1.706	-1.689	-1.672
    -2.006	-1.988	-1.980	-1.956	-1.934	-1.912	-1.891	-1.870	-1.851	-1.831	-1.812	-1.792	-1.775	-1.758	-1.740	-1.723	-1.706	-1.689
    -2.011	-1.993	-1.985	-1.961	-1.939	-1.917	-1.896	-1.875	-1.856	-1.836	-1.817	-1.797	-1.780	-1.763	-1.745	-1.728	-1.711	-1.694];
table.Pdiff.t1=[
    0.1200  0.1165  0.1150  0.1100  0.1050  0.1000  0.0950  0.0900  0.0875  0.0850  0.0825  0.0800  0.0775  0.0750  0.0725  0.0700  0.0675  0.0650
    0.2600  0.2565  0.2550  0.2500  0.2450  0.2400  0.2350  0.2300  0.2250  0.2200  0.2150  0.2100  0.2050  0.2000  0.1950  0.1900  0.1850  0.1800
    0.3734	0.3704	0.3692	0.3651	0.3611	0.3572	0.3532	0.3492	0.3452	0.3412	0.3373	0.3334	0.3296	0.3260	0.3226	0.3193	0.3162	0.3134
    0.4958	0.4932	0.4922	0.4888	0.4856	0.4824	0.4792	0.4761	0.4731	0.4702	0.4675	0.4649	0.4624	0.4600	0.4577	0.4554	0.4532	0.4511
    0.6270	0.6244	0.6234	0.6200	0.6168	0.6136	0.6105	0.6074	0.6044	0.6015	0.5988	0.5961	0.5935	0.5911	0.5888	0.5866	0.5845	0.5826
    0.7423	0.7397	0.7387	0.7353	0.7321	0.7289	0.7257	0.7226	0.7196	0.7167	0.7139	0.7113	0.7088	0.7064	0.7041	0.7019	0.6998	0.6979
    0.8380	0.8354	0.8344	0.8310	0.8278	0.8246	0.8215	0.8184	0.8154	0.8125	0.8098	0.8071	0.8045	0.8021	0.7998	0.7976	0.7955	0.7936
    0.9114	0.9088	0.9078	0.9044	0.9012	0.8980	0.8948	0.8917	0.8887	0.8858	0.8831	0.8805	0.8780	0.8756	0.8733	0.8710	0.8688	0.8667
    0.9601	0.9575	0.9565	0.9531	0.9499	0.9467	0.9436	0.9405	0.9375	0.9346	0.9319	0.9292	0.9266	0.9242	0.9219	0.9197	0.9176	0.9157
    0.9827	0.9801	0.9791	0.9757	0.9725	0.9693	0.9662	0.9631	0.9601	0.9572	0.9545	0.9518	0.9492	0.9468	0.9445	0.9423	0.9402	0.9383
    0.9786	0.9760	0.9749	0.9715	0.9683	0.9651	0.9620	0.9589	0.9559	0.9530	0.9503	0.9476	0.9451	0.9426	0.9404	0.9382	0.9362	0.9343
    0.9477	0.9451	0.9441	0.9407	0.9375	0.9343	0.9312	0.9281	0.9251	0.9222	0.9195	0.9168	0.9142	0.9118	0.9095	0.9073	0.9052	0.9033
    0.8911	0.8885	0.8875	0.8841	0.8809	0.8777	0.8746	0.8715	0.8685	0.8656	0.8629	0.8602	0.8576	0.8552	0.8529	0.8507	0.8486	0.8467
    0.8106	0.8080	0.8069	0.8035	0.8003	0.7971	0.7940	0.7909	0.7879	0.7850	0.7823	0.7796	0.7771	0.7746	0.7724	0.7702	0.7682	0.7663
    0.713	0.710	0.709	0.706	0.703	0.699	0.696	0.693	0.690	0.688	0.685	0.682	0.680	0.677	0.675	0.672	0.670	0.667
    0.579	0.576	0.575	0.572	0.569	0.565	0.562	0.559	0.556	0.554	0.551	0.548	0.546	0.543	0.541	0.538	0.536	0.533
    0.455	0.452	0.451	0.448	0.445	0.441	0.438	0.435	0.432	0.430	0.427	0.424	0.422	0.419	0.417	0.414	0.412	0.409
    0.310	0.307	0.306	0.303	0.300	0.296	0.293	0.290	0.287	0.285	0.282	0.279	0.277	0.274	0.272	0.269	0.267	0.264
    0.165	0.162	0.161	0.158	0.155	0.151	0.148	0.145	0.142	0.140	0.137	0.134	0.132	0.129	0.127	0.124	0.122	0.119
    0.020	0.017	0.016	0.013	0.009	0.006	0.003	0.000	-0.003	-0.005	-0.008	-0.011	-0.014	-0.016	-0.019	-0.021	-0.024	-0.026];
